[1,0,0,0,1],
[2,1,1,1,1],
[2.5,0,1,0,0],
[2.75,1,0,0,1],
[3.5,0,1,1,1],
[4.25,1,0,1,0],
[5,1,1,1,1],
[6,1,0,0,1],
[6.75,0,1,0,1],
[7.25,0,0,0,1],
[8,1,1,1,1],
[8.25,1,0,1,0],
[9.25,0,1,1,0],
[9.75,1,1,0,0],
[10.5,1,1,0,0],
[11,0,1,0,0],
[11.5,1,0,0,1],
[12,0,1,1,1],
[12.5,1,0,1,0],
[13,1,1,1,1],
[13.75,1,0,1,0],
[14.5,1,1,1,0],
[15.5,1,1,0,1],
[16.5,0,1,1,0],
[17.25,1,0,0,1],
[17.75,1,1,1,1],
[18.75,1,1,1,1],
[19.5,0,0,1,1],
[20.5,0,1,1,0],
[21.5,0,0,1,0],
[22,0,0,1,0],
[22.5,1,0,0,1],
[23,0,1,1,0],
[23.25,1,1,0,1],
[23.75,0,1,0,0]