[0.75,0,1,0,0],
[1,0,1,0,0],
[2,0,0,0,1],
[2.75,0,1,1,0],
[3,1,0,0,0],
[3.5,1,1,1,1],
[4.5,1,1,0,1],
[5,1,0,1,0],
[6,1,1,0,0],
[7,0,1,1,1],
[8,1,1,1,0],
[8.25,0,1,1,0],
[9.25,0,1,1,1],
[10.25,0,1,0,0],
[10.75,0,0,1,0],
[11.5,0,0,0,1],
[12,1,0,1,0],
[12.5,1,1,1,0],
[12.75,0,1,0,0],
[13.75,0,0,0,1],
[14.75,0,0,1,1],
[15.5,1,1,1,1],
[16,1,1,0,1],
[16.5,0,0,1,0],
[17.25,0,1,0,0],
[17.75,1,1,0,0],
[18.25,0,0,1,1],
[19,1,0,1,0],
[20,0,0,0,1],
[20.75,1,0,0,0],
[21,0,0,0,1],
[21.25,0,0,0,1],
[21.5,1,0,0,1],
[21.75,0,1,0,1],
[22.75,0,1,1,1]