[0.5,0,1,1,0],
[1,1,0,0,0],
[1.5,0,0,0,1],
[2,1,1,1,0],
[2.75,0,0,1,1],
[3,0,1,0,1],
[3.75,1,1,1,1],
[4,1,1,0,0],
[4.75,1,0,1,0],
[5,0,0,0,1],
[5.75,0,1,1,1],
[6,1,1,0,1],
[6.5,0,1,0,1],
[7.25,0,0,0,1],
[8.25,1,1,1,1],
[9,1,1,0,1],
[9.5,1,0,0,0],
[9.75,0,0,0,1],
[10.75,1,0,1,0],
[11.5,0,1,0,0],
[12.25,0,0,0,1],
[13,0,0,1,1],
[13.5,0,1,1,1],
[13.75,1,0,1,0],
[14.25,0,1,0,1],
[14.5,0,1,1,0],
[15,0,0,1,0],
[15.5,0,0,0,1],
[16.25,1,0,0,0],
[17,0,0,0,1],
[17.25,0,1,0,1],
[18,0,1,0,0],
[19,0,1,1,0],
[19.5,1,0,1,0],
[20,1,1,0,1]