[1,0,0,1,0],
[1.25,1,1,0,1],
[2.25,0,0,1,1],
[3.25,0,1,1,0],
[4.25,1,1,0,0],
[5,1,0,0,0],
[5.5,1,1,1,0],
[6.5,1,0,1,0],
[7,0,0,1,0],
[7.5,0,0,1,0],
[8.25,0,0,1,0],
[8.75,0,0,1,1],
[9.5,0,1,1,1],
[10.25,0,1,0,0],
[10.75,0,1,0,1],
[11.5,0,0,1,0],
[11.75,1,0,0,0],
[12.5,1,1,1,0],
[13.25,1,0,0,1],
[13.5,0,0,1,1],
[14.25,1,0,0,1],
[15.25,0,0,1,0],
[16,1,0,1,0],
[17,1,1,1,1],
[18,1,0,0,1],
[18.75,0,0,1,1],
[19.75,0,0,0,1],
[20.25,1,1,1,1],
[21.25,1,1,1,0],
[21.5,0,1,0,0],
[22,1,1,1,0],
[22.5,0,1,0,1],
[23,0,0,0,1],
[23.25,0,0,1,1],
[23.75,0,1,0,1]