[0.25,0,1,1,1],
[0.5,1,0,0,0],
[1,1,0,0,0],
[2,0,1,0,1],
[3,1,0,0,0],
[3.5,0,0,0,1],
[4.5,1,1,1,0],
[5.5,0,1,1,0],
[6.25,0,1,0,1],
[6.75,0,0,0,1],
[7.5,0,1,0,0],
[8.5,1,1,0,0],
[9.5,1,0,0,0],
[10.25,0,1,0,0],
[10.75,0,0,1,0],
[11,1,0,0,0],
[12,1,0,0,1],
[12.25,1,0,0,0],
[12.75,0,1,0,0],
[13,1,0,0,0],
[13.5,1,1,0,0],
[13.75,0,0,0,1],
[14.75,1,1,1,1],
[15.75,0,0,1,1],
[16.5,0,1,0,0],
[17.5,1,1,0,0],
[17.75,0,1,1,1],
[18,0,1,1,1],
[18.5,0,1,1,0],
[18.75,1,0,0,1],
[19.5,0,0,0,1],
[19.75,0,0,1,1],
[20.25,0,0,1,1],
[20.75,1,1,1,1],
[21.5,1,0,0,0]