[1,0,1,1,0],
[1.5,1,1,1,1],
[2,0,1,1,0],
[3,1,1,1,0],
[3.5,1,0,0,0],
[3.75,0,0,1,1],
[4.25,0,0,1,1],
[5,0,0,1,1],
[6,0,0,1,1],
[6.75,1,1,1,1],
[7.5,0,1,1,1],
[8,1,1,0,1],
[8.5,0,0,1,1],
[9.25,0,1,1,1],
[10,0,1,0,1],
[10.75,1,0,0,1],
[11.25,1,0,1,0],
[12.25,0,1,0,1],
[12.75,0,1,0,0],
[13.75,1,0,0,1],
[14,0,0,1,0],
[14.25,1,0,1,0],
[15,0,1,1,0],
[15.5,0,0,0,1],
[15.75,0,0,1,1],
[16.5,1,0,0,0],
[17.5,1,1,0,0],
[18.25,0,1,1,1],
[19.25,1,0,1,0],
[19.5,0,1,0,0],
[20.25,0,1,0,0],
[20.5,1,0,1,0],
[20.75,1,1,0,0],
[21,0,0,1,0],
[21.25,1,1,1,1]