[0.5,0,1,0,0],
[1.5,1,0,1,0],
[1.75,1,1,0,1],
[2.75,0,0,1,1],
[3.5,0,1,0,0],
[4.25,1,0,0,0],
[5.25,1,1,1,0],
[6,0,0,1,0],
[7,0,1,0,0],
[7.25,1,0,1,0],
[8.25,1,1,1,1],
[9.25,0,1,0,1],
[10,0,1,0,0],
[10.25,0,1,0,1],
[10.75,1,1,0,0],
[11,1,1,1,1],
[11.75,0,1,0,1],
[12.5,0,0,1,0],
[13.5,1,1,1,1],
[13.75,1,1,1,0],
[14.5,0,0,1,0],
[15,0,1,1,1],
[15.25,1,1,1,1],
[15.75,0,1,1,1],
[16.5,0,0,1,1],
[17,1,0,1,0],
[17.25,0,1,0,1],
[17.5,0,1,1,0],
[18.25,1,0,0,0],
[19.25,1,0,1,0],
[19.75,1,0,1,0],
[20.75,0,0,1,0],
[21,0,1,0,1],
[21.75,0,1,1,0],
[22.75,1,1,1,1]