[0.5,1,1,0,1],
[1.5,0,0,1,0],
[2.25,0,1,0,1],
[3.25,1,1,1,1],
[3.75,1,1,1,0],
[4.5,0,1,0,0],
[5.25,1,1,0,1],
[6,1,0,1,0],
[7,0,0,1,1],
[7.5,1,1,0,0],
[8.5,1,1,0,0],
[9.5,1,1,1,0],
[9.75,1,0,1,0],
[10.75,1,1,1,0],
[11,0,1,1,0],
[11.5,0,1,1,1],
[11.75,1,1,0,1],
[12,1,0,0,1],
[12.75,0,0,1,0],
[13,0,0,1,1],
[14,1,0,1,0],
[14.25,0,1,0,0],
[14.5,0,0,1,1],
[15.5,1,0,0,1],
[16,0,0,1,1],
[16.25,1,0,1,0],
[17,1,0,0,1],
[17.75,0,0,1,0],
[18.25,0,0,0,1],
[18.75,0,1,0,0],
[19.25,0,1,0,0],
[20,0,1,1,1],
[20.75,0,1,0,1],
[21.75,0,1,1,1],
[22,0,0,1,1]