[2.75,0,1,1,0],
[5,0,1,0,1],
[7,0,0,1,0],
[9,1,1,0,0],
[11.5,1,0,1,0],
[13.5,1,1,0,0],
[16.25,0,1,0,1],
[18.5,1,0,0,1],
[20.5,0,0,1,1],
[22.75,0,0,1,1],
[25.25,0,0,1,1],
[27.5,0,0,1,0],
[29.5,0,1,0,0],
[32,1,1,0,0],
[34.5,0,0,1,1],
[36.75,1,1,0,1],
[39,0,1,1,1],
[41.75,0,1,0,0],
[43.75,1,1,0,1],
[46.25,1,0,0,1],
[49,0,0,1,1],
[51,0,1,0,0],
[53.75,1,0,1,0],
[56.5,1,1,0,0],
[59.25,1,1,0,1],
[62,1,0,0,0],
[64.75,1,1,1,1],
[67,0,0,0,1],
[69.25,1,1,0,1],
[71.75,1,1,1,1],
[74.5,0,1,1,0],
[76.75,0,0,0,1],
[79.25,1,0,0,0],
[81.5,0,0,0,1],
[83.5,0,1,1,0]