[2.75,0,0,1,0],
[5.5,0,1,1,0],
[7.75,1,1,1,1],
[10,1,1,0,1],
[12.75,0,1,0,0],
[15,1,1,0,1],
[17.5,1,1,1,1],
[19.75,1,1,1,0],
[21.75,1,0,1,0],
[23.75,0,1,1,1],
[26.5,1,0,0,0],
[29,0,1,0,0],
[31.5,0,1,1,0],
[34,1,1,0,0],
[36.5,1,1,1,0],
[38.75,0,1,1,0],
[41,1,0,0,1],
[43.75,1,1,0,0],
[45.75,0,0,0,1],
[48,0,0,1,1],
[50.75,0,1,0,1],
[53.5,1,0,0,1],
[56,1,1,1,0],
[58.25,0,0,1,0],
[60.5,1,1,1,0],
[62.75,0,0,1,0],
[65.5,0,0,1,0],
[68,1,1,1,1],
[70,1,0,0,1],
[72.75,1,0,0,1],
[75,1,1,1,0],
[77.25,0,1,1,1],
[79.5,1,1,1,0],
[82.25,1,1,1,0],
[84.5,0,0,1,1]