[0.5,0,1,0,0],
[0.75,1,1,0,1],
[1,0,0,1,0],
[1.25,0,1,1,1],
[1.75,0,0,0,1],
[2.75,1,1,0,1],
[3,0,0,1,1],
[3.5,1,1,0,1],
[4.5,0,0,0,1],
[5.5,1,1,1,1],
[6.25,0,1,1,0],
[7.25,0,0,0,1],
[8,1,1,1,1],
[8.75,1,0,1,0],
[9.25,0,1,1,1],
[9.5,1,1,0,0],
[10.25,1,1,1,0],
[10.75,1,0,1,0],
[11.75,0,1,1,0],
[12.25,0,1,0,0],
[12.5,0,1,0,1],
[13.5,0,0,1,1],
[14.25,0,0,1,1],
[14.75,1,1,1,1],
[15.5,1,1,1,1],
[15.75,0,1,0,1],
[16.5,0,1,1,1],
[16.75,1,1,1,0],
[17.75,1,1,1,1],
[18,0,0,1,0],
[18.5,0,1,1,0],
[18.75,0,1,1,0],
[19.75,0,0,1,0],
[20.5,0,1,1,1],
[21.25,0,0,1,1]