[2.25,0,0,1,1],
[4.25,1,0,0,1],
[6.75,1,1,1,0],
[9.25,1,1,0,0],
[11.75,1,0,0,0],
[14.25,0,1,0,0],
[16.75,0,0,0,1],
[19.5,1,0,1,0],
[21.5,1,1,1,0],
[24.25,1,0,0,1],
[26.5,0,0,0,1],
[28.75,0,1,0,0],
[31.5,0,0,1,0],
[34.25,0,0,0,1],
[37,1,1,1,0],
[39,0,1,0,0],
[41.5,0,1,1,1],
[43.75,0,0,1,1],
[46.5,0,1,0,1],
[49,0,1,0,1],
[51.25,1,0,1,0],
[53.5,0,0,1,1],
[56.25,1,0,0,1],
[58.5,1,0,0,1],
[61,1,1,0,1],
[63,1,1,1,0],
[65.75,1,1,1,0],
[67.75,0,1,0,1],
[69.75,1,0,0,1],
[71.75,0,1,0,0],
[74.5,0,1,1,0],
[76.5,1,1,1,1],
[78.5,0,1,1,0],
[80.5,0,0,1,0],
[82.75,1,0,1,0]