[2.25,1,0,0,0],
[5,0,1,0,0],
[7.25,1,1,0,1],
[10,0,0,0,1],
[12.5,1,0,1,0],
[15,0,1,0,0],
[17,1,0,0,0],
[19.25,0,0,1,0],
[21.5,1,1,0,0],
[23.75,1,1,0,0],
[26,1,1,0,1],
[28.75,1,1,0,1],
[31.25,0,1,0,0],
[33.25,0,1,0,1],
[36,0,1,1,0],
[38.5,0,1,1,0],
[41,0,0,0,1],
[43.5,0,1,0,1],
[45.5,1,0,0,1],
[48,1,1,0,0],
[50.25,0,1,0,0],
[52.75,1,0,0,1],
[55.5,0,0,1,0],
[57.5,1,0,0,1],
[60.25,0,1,0,0],
[62.25,1,1,1,0],
[64.75,1,1,0,0],
[67,1,1,0,1],
[69.25,0,1,0,1],
[71.25,1,1,0,0],
[73.5,1,1,1,1],
[76.25,0,0,0,1],
[79,1,1,0,0],
[81,1,1,1,1],
[83.25,0,1,0,0]