[1,0,0,0,1],
[1.25,1,1,1,1],
[2.25,1,1,0,0],
[3.25,0,1,1,1],
[4,1,1,0,1],
[5,1,1,0,1],
[5.25,1,1,0,0],
[6.25,1,1,0,0],
[6.5,1,0,0,1],
[7,0,1,0,1],
[8,0,1,1,1],
[9,0,0,1,1],
[9.5,0,0,0,1],
[10.25,1,0,0,1],
[11,1,0,0,0],
[11.75,0,0,1,1],
[12.25,0,0,1,1],
[12.5,0,0,1,0],
[12.75,1,0,0,1],
[13.5,0,0,1,0],
[14.5,1,1,0,0],
[15,1,1,1,1],
[15.75,0,1,1,0],
[16.5,1,1,1,1],
[17,1,1,1,1],
[17.25,0,0,0,1],
[17.75,1,0,0,1],
[18.75,0,1,0,1],
[19,0,0,0,1],
[20,0,0,1,1],
[20.75,1,1,1,0],
[21.75,1,1,0,0],
[22.25,1,1,1,0],
[23,1,1,0,0],
[23.25,1,0,0,1]