[2.75,0,1,0,1],
[5.25,0,0,0,1],
[7.25,0,1,1,1],
[9.25,0,0,1,1],
[11.75,1,1,0,0],
[14.5,0,1,1,0],
[17,0,1,0,0],
[19.25,0,0,1,1],
[21.75,1,1,1,0],
[23.75,0,1,0,0],
[26.25,1,1,0,1],
[28.25,1,1,0,1],
[30.75,1,0,0,1],
[33.25,0,0,0,1],
[35.75,0,1,0,0],
[38,1,1,0,1],
[40.5,0,1,1,1],
[43.25,0,0,1,1],
[45.75,0,0,1,1],
[47.75,1,0,0,1],
[50.25,0,1,1,0],
[52.5,0,1,1,1],
[54.75,1,1,1,0],
[56.75,1,1,1,0],
[59.5,1,0,0,0],
[62,1,1,0,1],
[64.5,0,0,1,0],
[67.25,1,1,1,1],
[70,0,1,1,1],
[72.5,1,1,0,0],
[74.75,0,1,0,0],
[76.75,1,0,0,1],
[79.25,0,1,1,0],
[81.75,0,0,1,0],
[83.75,1,1,1,1]